R	2.4336	1.5985	0.7839	1477010443250000	-0.0079	2.9498	-0.0628	0.9980
L	-0.2002	3.3133	1477010443650000	-0.0611	3.3460	-0.1874	0.9823
R	3.4758	1.6261	1.5088	1477010444050000	-0.1635	3.7324	-0.3090	0.9511
L	-0.1274	4.2533	1477010444450000	-0.3136	4.1029	-0.4258	0.9048
R	4.7545	1.6651	0.4412	1477010444850000	-0.5089	4.4517	-0.5358	0.8443
L	-0.7822	4.7674	1477010445250000	-0.7464	4.7732	-0.6374	0.7705
R	5.6991	1.7274	0.5103	1477010445650000	-1.0223	5.0624	-0.7290	0.6845
L	-1.3777	5.4909	1477010446050000	-1.3323	5.3148	-0.8090	0.5878
R	5.5491	1.8972	0.9322	1477010446450000	-1.6715	5.5264	-0.8763	0.4818
L	-1.9474	5.5009	1477010446850000	-2.0345	5.6937	-0.9298	0.3681
R	6.7995	1.9760	0.0666	1477010447250000	-2.4157	5.8143	-0.9686	0.2487
L	-2.9804	5.6785	1477010447650000	-2.8089	5.8861	-0.9921	0.1253
R	6.8325	2.0546	0.0576	1477010448050000	-3.2080	5.9080	-1.0000	0.0000
L	-3.4165	5.7045	1477010448450000	-3.6068	5.8798	-0.9921	-0.1253
R	6.5598	2.1966	0.7526	1477010448850000	-3.9988	5.8018	-0.9686	-0.2487
L	-4.2674	5.6848	1477010449250000	-4.3780	5.6753	-0.9298	-0.3681
R	7.0337	2.2916	0.1044	1477010449650000	-4.7384	5.5023	-0.8763	-0.4817
L	-5.1882	5.3473	1477010450050000	-5.0742	5.2854	-0.8090	-0.5878
R	7.5192	2.3147	0.1098	1477010450450000	-5.3802	5.0282	-0.7290	-0.6845
L	-5.8555	5.1199	1477010450850000	-5.6515	4.7347	-0.6374	-0.7705
R	7.4151	2.5256	0.0910	1477010451250000	-5.8840	4.4095	-0.5358	-0.8443
L	-6.1080	4.1880	1477010451650000	-6.0738	4.0577	-0.4258	-0.9048
R	7.1467	2.6250	-0.4008	1477010452050000	-6.2180	3.6848	-0.3090	-0.9511
L	-6.1369	3.2867	1477010452450000	-6.3144	3.2969	-0.1874	-0.9823
R	7.1247	2.6892	-0.1515	1477010452850000	-6.3614	2.8999	-0.0628	-0.9980
L	-6.4653	2.4138	1477010453250000	-6.3582	2.5002	0.0628	-0.9980
R	6.8263	2.8117	-1.0380	1477010453650000	-6.3050	2.1040	0.1874	-0.9823
L	-6.4436	1.5697	1477010454050000	-6.2026	1.7176	0.3090	-0.9511
R	6.2982	2.9286	-1.2297	1477010454450000	-6.0525	1.3471	0.4258	-0.9048
L	-6.0613	1.1531	1477010454850000	-5.8572	0.9983	0.5358	-0.8443
R	5.5780	3.0454	-0.6486	1477010455250000	-5.6197	0.6768	0.6374	-0.7705
L	-5.1937	0.2353	1477010455650000	-5.3438	0.3876	0.7290	-0.6846
R	4.5346	3.1164	-1.4457	1477010456050000	-5.0338	0.1352	0.8090	-0.5878
L	-4.7390	-0.2664	1477010456450000	-4.6946	-0.0764	0.8763	-0.4818
R	3.8831	-3.0845	-0.8157	1477010456850000	-4.3316	-0.2437	0.9298	-0.3681
L	-3.8632	-0.1725	1477010457250000	-3.9504	-0.3642	0.9686	-0.2487
R	3.9012	-2.9774	-0.8891	1477010457650000	-3.5572	-0.4361	0.9921	-0.1254
L	-3.2257	-0.2125	1477010458050000	-3.1580	-0.4580	1.0000	0.0000
R	2.9161	-2.9612	-0.9761	1477010458450000	-2.7593	-0.4298	0.9921	0.1253
L	-2.4264	-0.3270	1477010458850000	-2.3672	-0.3518	0.9686	0.2487
R	1.7202	-3.0319	-1.0925	1477010459250000	-1.9880	-0.2253	0.9298	0.3681
L	-1.9209	0.2271	1477010459650000	-1.6277	-0.0523	0.8763	0.4817
R	1.4810	2.9667	-0.6207	1477010460050000	-1.2919	0.1646	0.8090	0.5878
L	-1.1024	0.3815	1477010460450000	-0.9859	0.4218	0.7290	0.6845
R	1.1850	2.3587	0.1974	1477010460850000	-0.7145	0.7153	0.6374	0.7705
L	-0.6759	0.9765	1477010461250000	-0.4821	1.0406	0.5359	0.8443
R	1.8816	1.8066	0.4681	1477010461650000	-0.2923	1.3923	0.4258	0.9048
L	-0.0042	1.7279	1477010462050000	-0.1481	1.7652	0.3090	0.9510
R	2.5638	1.5932	0.7481	1477010462450000	-0.0517	2.1531	0.1874	0.9823
L	-0.2318	2.6164	1477010462850000	-0.0047	2.5501	0.0628	0.9980
R	3.0851	1.5734	0.5155	1477010463250000	0.0016	2.9500	0.0314	0.9995
L	0.1402	3.5179	1477010463650000	0.0423	3.3476	0.1565	0.9877
R	4.0448	1.5181	0.8876	1477010464050000	0.1326	3.7370	0.2790	0.9603
L	0.6028	4.2823	1477010464450000	0.2709	4.1121	0.3972	0.9177
R	4.5029	1.4464	1.0842	1477010464850000	0.4552	4.4668	0.5091	0.8607
L	0.7421	4.8510	1477010465250000	0.6825	4.7956	0.6129	0.7901
R	4.4149	1.3374	1.4137	1477010465650000	0.9492	5.0934	0.7071	0.7071
L	1.2014	5.1538	1477010466050000	1.2511	5.3554	0.7902	0.6129
R	5.5593	1.3406	0.6813	1477010466450000	1.5835	5.5775	0.8608	0.5090
L	2.1357	5.9667	1477010466850000	1.9411	5.7562	0.9178	0.3971
R	6.3013	1.1970	0.6619	1477010467250000	2.3182	5.8886	0.9603	0.2790
L	2.9062	5.9725	1477010467650000	2.7090	5.9727	0.9877	0.1564
R	6.6469	1.1187	0.7965	1477010468050000	3.1073	6.0072	0.9995	0.0314
L	3.5051	6.0475	1477010468450000	3.5067	5.9915	0.9956	-0.0941
R	6.9501	0.9752	-0.0671	1477010468850000	3.9010	5.9259	0.9759	-0.2182
L	4.3332	5.5593	1477010469250000	4.2840	5.8114	0.9409	-0.3388
R	7.7782	0.8538	-0.1578	1477010469650000	4.6496	5.6497	0.8910	-0.4540
L	4.9075	5.3681	1477010470050000	4.9921	5.4436	0.8271	-0.5621
R	7.6561	0.7610	0.0517	1477010470450000	5.3060	5.1961	0.7501	-0.6613
L	5.5051	4.8868	1477010470850000	5.5864	4.9112	0.6613	-0.7501
R	7.0042	0.6669	0.0791	1477010471250000	5.8289	4.5934	0.5621	-0.8271
L	6.0753	4.2860	1477010471650000	6.0297	4.2478	0.4540	-0.8910
R	7.4881	0.5085	-0.3474	1477010472050000	6.1856	3.8797	0.3387	-0.9409
L	6.2035	3.3482	1477010472450000	6.2941	3.4949	0.2181	-0.9759
R	7.3904	0.4210	-0.1554	1477010472850000	6.3535	3.0996	0.0941	-0.9956
L	6.5532	2.6504	1477010473250000	6.3629	2.7000	-0.0314	-0.9995
R	6.9703	0.3379	0.1402	1477010473650000	6.3222	2.3024	-0.1564	-0.9877
L	6.2520	2.1216	1477010474050000	6.2319	1.9129	-0.2790	-0.9603
R	6.3197	0.2424	-0.9364	1477010474450000	6.0936	1.5379	-0.3972	-0.9177
L	5.8839	1.1663	1477010474850000	5.9093	1.1832	-0.5091	-0.8607
R	5.9902	0.1363	-0.1374	1477010475250000	5.6820	0.8543	-0.6129	-0.7901
L	5.5760	0.4691	1477010475650000	5.4153	0.5566	-0.7071	-0.7071
R	5.2451	0.1098	-0.3229	1477010476050000	5.1134	0.2946	-0.7902	-0.6129
L	4.7870	0.1283	1477010476450000	4.7810	0.0725	-0.8607	-0.5090
R	4.8279	0.0429	-0.9173	1477010476850000	4.4234	-0.1062	-0.9178	-0.3971
L	4.1222	-0.0837	1477010477250000	4.0463	-0.2386	-0.9603	-0.2790
R	2.9916	-0.0449	-1.0616	1477010477650000	3.6555	-0.3228	-0.9877	-0.1564
L	3.2535	-0.4440	1477010478050000	3.2572	-0.3573	-0.9995	-0.0314
R	3.3042	-0.1379	-0.6692	1477010478450000	2.8578	-0.3416	-0.9956	0.0941
L	2.3052	-0.2877	1477010478850000	2.4635	-0.2759	-0.9759	0.2181
R	2.0244	-0.0674	-0.8139	1477010479250000	2.0805	-0.1614	-0.9409	0.3387
L	1.5434	0.0640	1477010479650000	1.7149	0.0002	-0.8910	0.4540
R	1.0129	0.0770	-0.9464	1477010480050000	1.3724	0.2064	-0.8271	0.5621
L	1.0310	0.2596	1477010480450000	1.0585	0.4539	-0.7501	0.6613
R	0.7197	0.7899	0.1680	1477010480850000	0.7781	0.7388	-0.6613	0.7501
L	0.6910	1.0159	1477010481250000	0.5356	1.0565	-0.5621	0.8271
R	1.2686	1.3751	1.4036	1477010481650000	0.3348	1.4022	-0.4540	0.8910
L	0.3184	1.8132	1477010482050000	0.1789	1.7703	-0.3387	0.9409
R	2.1109	1.5510	0.5653	1477010482450000	0.0704	2.1550	-0.2181	0.9759
L	0.1821	2.6496	1477010482850000	0.0110	2.5503	-0.0941	0.9956
